359.33
136.66
362.32
142.71
366.88
131.55
365.17
196.15
184.62
237.42
160.04
116.23
185.41
334.37
191.32
350.45
338.6
253.79
337.95
322.64
286.83
116.44
179.14
183.71
344.45
197.07
170.69
199.68
168.63
328.78
250.65
264.48
259.07
174.07
197.18
204.27
280.42
122.01
310.35
275.02
120.85
193.03
208.84
262.33
116
121.2
352.09
175.97
264.15
233.99
326.04
286.26
160.19
333.05
280.92
295.51
343.32
252.44
116
341.09
116
203.11
220.0
174.11
340.57
269.77
244.22
332.72
354.61
349.62
231.67
257.31
117.62
359.82
200.69
303.11
132.15
283.68
269.36
184.6
207.51
197.29
196.31
136.79
262.08
343.93
169.73
218.07
174.34
227.54
188.07
234.4
300.1
167.9
262.05
264.5
298.54
207.47
271.13
267.21
887.9
1512.45
963.43
1679.81
1320.24
752.92
1344.81
1487.0
907.13
1328.05
857.76
1480.95
1436.54
1517.91
1489.69
1408.37
884.4
849.15
1250.07
873.08
1630.76
1575.65
1007.45
1256.82
892.69
1607.53
812.18
901.67
745.34
833.41
1426.02
1087.83
1123.94
876.29
1335.82
748.85
1118.15
1409.82
1430.68
1011.24
878.33
1116.21
1232.33
788.42
1130.55
1399.03
1639.44
1559.69
954.25
1408.41
894.56
1532.2
1160.32
1449.93
1264.22
1036.26
1290.23
1210.53
788.67
848.04
1320.67
597.47
1228.41
1019.07
1436.26
1371.37
784.09
826.35
1629.02
416.27
707.64
1030.6
961.86
1154.81
1236.74
1381.3
1538.73
875.26
711.98
904.7
1492.55
1250.02
1066.25
1650.62
1157.49
1052.13
920.87
930.26
993.2
1450.12
1526.53
1312.42
1080.32
678.17
594.98
1240.66
1100.44
609.18
628.55
1011.69
1862.34
1382.86
1465.28
1018.42
1217.93
1721.98
1072.92
872.09
1054.69
1485.36
1364.7
1253.17
1210.26
1067.01
1740.28
1373.52
1594.55
1130.95
1613.92
1426.59
877.99
1248.05
1794.89
1626.42
1588.31
1132.03
1282.75
1786.35
1046.67
1556.62
596.55
1365.36
936.52
1389.47
1000.7
1798.18
961.96
1516.76
1392.53
1217.91
1108.75
1201.99
706.66
1450.36
1353.38
1504.05
1600.16
1851.91
1453.98
1571.7
1260.94
1049.67
1557.58
1396.85
1717.06
1073.18
1308.03
873.14
1390.94
1179.8
1480.17
1493.11
1530.51
1155.44
1650.9
1482.98
1510.34
1314.07
1313.43
1720.37
1421.29
1513.23
1371.35
1075.3
821.14
938.47
1557.69
1358.72
1417.97
809.54
1740.47
1192.85
1405.52
1806.84
1503.3
1634.53
1858.23
1080.03
1685.87
1078.79
1682.22
1695.52
1726.51
1770.91
952.04
1336.65
968.32
1982.94
1498.42
1622.97
1374.63
1022.56
205
896.07
1291.91
852.62
205
1394.22
1331.81
1471.56
205
1240.28
1213.06
205
1173.6
781.77
1154.74
205
1118.43
205
1464.19
838.09
894.12
1412.97
1490.59
205
1231.43
1532.45
205
1032.72
542.6
649.93
772.82
1632.44
1305.22
914.4
856.9
586.51
1090.86
1196.75
631.32
822.96
1287.68
1352.59
856.99
1106.27
1313.34
591.53
205
1247.86
1576.54
1109.69
787.6
1242.7
775.42
775.5
1311.79
1391.72
713.8
730.72
832.25
1113.84
1686.06
1347.82
568.24
1592.7
1478.32
205
725.97
205
1062.56
1088.38
1400.58
1280.32
1347.52
1169.76
1332.34
738.52
852.59
1259.05
882.58
1130.03
205
205
1263.85
950.2
1626.39
205
986.29
1383.66
813.0
1106.7
205
1290.44
1620.29
1212.77
1407.69
993.71
1186.64
1571.37
1009.79
205
897.63
1175.47
1030.05
776.39
915.15
999.93
447.09
1195.55
813.31
1135.71
701.19
890.23
809.87
676.07
1228.31
572.13
1355.69
524.73
1169.79
765.67
794.87
746.39
844.23
915.27
1233.87
984.75
477.35
1302.87
525.75
832.49
1050.95
1090.99
820.87
1403.79
781.77
1010.43
538.79
1063.53
1020.57
830.71
761.93
205
606.23
1107.83
526.17
1037.79
1166.39
720.71
205
205
205
205
1173.84
800.02
1003.68
861.51
205
205
1037.57
994.74
950.06
901.3
1330.49
205
1082.85
1143.84
1202.43
205
755.92
1014.97
1177.99
1070.05
909.37
1084.57
1115.8
1260.08
1125.72
205
773.71
863.85
205
205
1018.31
821.9
1322.18
1012.28
759.26
1325.42
205
534.11
205
913.57
205
205
1103.03
960.49
1045.89
892.93
1046.38
994.38
727.97
205
1067.1
205
1064.79
716.66
993.67
613.38
948.91
722.23
760.83
205
205
950.86
799.97
1276.41
963.4
205
1157.07
980.06
1245.2
205
205
205
696.06
205
1130.58
205
778.49
1034.74
205
775.74
205
205
1299.14
205
1163.43
698.22
205
1055.83
922.6
205
205
205
1197.71
1210.65
205
1040.68
1313.25
1071.72
1185.97
1135.09
1146.03
577.92
693.03
827.9
1031.28
1231.81
823.82
1310.95
916.35
732.14
1274.95
638.94
844.88
729.73
908.48
1170.64
753.25
617.77
940.05
1214.6
1128.25
639.42
1180.77
685.21
1154.95
635.09
621.28
1068.83
744.7
670.46
758.65
1349.85
1167.78
982.23
1063.48
1121.66
1246.44
914.28
1066.23
1276.57
676.92
1264.16
1320.83
1103.51
940.52
1201.47
1164.24
843.14
1255.54
1284.69
706.74
1254.63
917.4
590.98
895.39
1365.95
926.02
1075.75
1100.76
1194.43
1263.66
893.53
1047.09
1241.97
1257.5
729.56
1212.55
531.13
1275.53
605.19
804.23
1231.23
1186.8
817.67
1204.21
1000.48
947.92
808.57
729.72
1303.84
876.8
730.29
1366.89
1299.89
657.59
1393.93
567.44
1070.32
823.94
959.83
982.97
1094.99
715.76
1102.41
1367.38
850.15
1536.83
1747.84
1703.22
1537.56
1949.13
1832.15
1644.88
2020.21
1745.81
1974.88
1818.48
1953.99
1710.64
2042.01
1782.3
1738.2
1672.85
1650.05
1743.59
1874.74
1790.56
1691.71
1685.1
1953.32
1629.35
1857.73
1769.02
1688.75
1829.5
1867.94
1736.59
1602.34
1955.12
2005.61
1790.97
1752.6
1807.12
1772.33
1923.42
1828.39
1641.14
1763.84
1970.01
1610.6
1678.09
1836.5
1914.73
1751.9
1803.26
1755.09
1844.59
1835.11
1647.93
1905.45
1810.13
1873.65
1920.72
1635.78
1738.38
1626.45
1857.49
1945.27
1993.96
1791.26
1962.71
1920.9
1983.53
1902.16
1867.91
1815.76
1794.66
1785.59
1915.58
2031.1
1797.84
1716.73
1819.78
1814.43
1750.27
1863.28
1747.15
1646.29
1579.31
1898.31
1548.79
1545.42
1898.68
1678.49
1839.08
1805.62
1838.73
1878.96
1766.94
1710.93
1709.11
1636.33
1884.3
1724.42
1774.81
1813.51
205
205
714.26
1695.64
1452.39
731.19
1261.86
1366.88
805.6
1163.79
1819.18
1697.85
1491.23
1341.51
1632.37
1713.6
1394.38
2010.18
1790.63
1374.92
1604.05
1742.68
1482.98
1452.13
1396.77
1163.8
1591.11
815.4
1639.49
1442.27
1717.1
1656.01
1597.08
205
1497.87
1845.9
530.25
1510.47
1217.99
446.76
1826.31
1705.24
1084.48
784.27
205
1446.65
1930.5
755.1
1494.09
205
1572.41
1307.88
1168.36
1751.43
1402.79
897.58
1404.49
1936.36
1399.01
2046.98
1313.66
988.22
205
205
1320.68
1273.57
1210.28
1976.25
205
729.0
1473.38
205
1343.24
512.58
1480.13
1688.4
1482.1
1798.13
205
1219.28
885.08
909.42
1691.29
1700.34
205
1592.57
1286.25
1243.23
1072.7
1770.3
1815.52
205
1286.7
205
1515.58
1941.05
1962.8
1315.53
1008.62
1186.36
1263.6
2057.03
1765.13
1653.33
2209.52
1888.62
2138.02
1897.79
205
1522.42
1241.7
1150.98
653.56
1389.59
205
1240.16
1478.51
1466.32
1260.88
1761.38
873.81
1417.7
1722.51
1232.8
1209.51
1721.37
733.34
1558.64
1623.31
1473.74
205
1409.33
1458.51
205
820.14
1671.14
1205.38
205
1968.75
1245.66
205
1416.78
765.51
1469.03
1124.18
1947.83
1674.27
1218.89
1041.85
1286.56
1718.11
1257.35
1730.09
1732.47
1463.03
665.94
1563.6
205
1234.17
1558.1
1753.51
438.43
205
1552.69
1352.45
1032.25
725.08
1698.48
1447.83
1651.65
1557.88
1961.57
1067.65
1715.88
1365.84
1572.99
1497.35
2046.59
1889.51
1703.41
951.09
1953.62
1613.65
1372.03
1567.43
1657.25
644.09
1002.42
906.82
1411.48
1773.18
1623.2
1416.91
1285.44
1046.19
1422.29
1567.97
1799.76
1318.33
1473.45
1564.79
1502.06
1705.61
1452.68
1128.93
1586.98
1603.53
1896.2
1680.21
1774.88
1540.4
1433.6
2076.65
1590.5
1760.4
1785.09
1552.55
1918.9
1769.01
1021.26
1072.93
1830.71
1981.98
1816.99
1326.01
1938.5
1115.2
744.53
1508.72
1547.05
1389.97
1030.88
1214.17
1772.39
1749.59
1641.79
1595.73
1718.39
1841.5
1485.76
1700.27
1593.63
1585.43
1468.58
1770.91
1334.5
1284.54
1910.9
1807.67
2169.74
812.95
908.93
1787.44
1734.94
1376.82
2013.79
1557.77
2116.24
1240.73
2017.58
933.38
1640.06
801.39
1479.82
1903.63
1835.8
1294.05
1677.16
696.74
1618.46
1820.09
545.95
1581.18
1840.63
519.63
1215.92
1583.92
2003.09
1410.74
1356.8
997.25
1022.73
997.23
1455.18
205
897.08
1867.81
1019.24
1124.3
1785.55
1604.93
1006.75
1707.51
1260.81
1222.18
1267.7
570.5
1248.96
1208.35
1795.62
628.38
1218.06
1010.46
2025.85
205
1180.63
1485.0
1928.78
832.31
1601.73
1539.49
979.04
673.25
1682.81
1486.2
1235.99
1334.23
1274.65
1589.05
1648.39
1671.67
1270.62
205
1319.21
1526.26
1725.96
1180.04
1834.27
1364.76
996.91
1535.61
939.42
1511.44
1206.69
1351.47
205
1150.52
1625.5
1535.84
1034.11
1907.38
1326.13
1018.59
1565.66
1375.43
205
433.85
809.84
1731.53
1328.09
1035.33
1035.85
1454.22
1231.11
1346.59
1718.68
1467.68
1190.06
857.39
1606.08
1553.51
1262.96
2046.67
1295.74
1754.32
1660.21
1548.81
807.54
1636.05
1495.64
1532.75
1347.01
1979.94
924.28
1793.96
1427.14
2215.05
1762.96
1597.07
1642.31
1489.87
1995.65
1337.3
1004.24
1029.26
1499.91
1302.4
1521.68
1515.63
1694.29
1488.06
1035.67
866.38
1162.15
1190.6
1303.95
1567.99
1475.4
1557.44
1249.31
1645.75
1448.47
205
1891.42
205
1614.01
1553.85
1789.1
1458.7
1004.42
724.7
1074.16
814.32
1466.48
1921.89
1634.25
563.74
205
1726.34
1327.52
1346.13
1673.79
1184.83
1918.43
958.77
1426.14
1213.01
1576.59
1669.81
1798.37
448.64
1800.39
760.43
1423.04
1581.39
1350.73
956.15
1476.23
1191.62
826.7
1493.27
584.91
1257.21
1328.08
1537.46
1813.11
1567.53
1483.03
1093.76
973.89
1651.19
1094.66
1719.72
1399.48
890.95
205
1154.07
999.7
1925.76
1071.92
1725.0
706.16
1461.7
1486.67
2071.09
1497.52
205
570.66
1681.07
656.88
1009.47
1720.1
1431.71
1493.39
1431.13
1842.71
1423.02
1722.11
668.06
1655.15
1401.31
1029.19
1568.27
1434.18
1284.2
669.31
665.37
840.22
205
1594.33
205
1065.74
944.66
1220.06
1156.45
1520.14
1690.14
1863.56
2033.19
205
1747.14
1888.86
1053.58
205
954.49
1004.9
1856.46
1222.03
2066.22
1589.08
1847.45
626.75
1297.57
1072.56
1904.09
1658.06
1575.23
1266.01
1620.33
957.15
1584.37
1482.37
1124.17
1243.83
1476.98
1567.89
1683.34
873.26
1265.7
1484.28
836.08
1599.03
205
811.89
1608.07
1524.07
1772.8
205
506.74
812.6
1668.86
1925.58
1937.07
1644.78
1439.92
1257.51
1830.4
1902.85
1541.64
1238.45
1562.39
205
1532.3
1593.72
1455.35
1912.02
2037.28
1599.17
1368.26
1040.12
660.6
1162.36
1598.71
693.48
1626.58
1419.64
979.05
1501.32
1596.27
1591.03
1043.34
874.56
1591.06
1019.37
546.57
1479.21
205
1176.25
205
1393.23
1787.75
929.63
1271.91
1158.78
1218.06
1530.83
1854.16
801.53
1737.25
1186.37
706.31
1341.54
1079.48
1489.87
1189.09
1532.78
1258.1
1179.28
1245.72
1913.32
885.58
1625.82
205
1685.7
2061.45
1786.54
1648.63
953.19
663.47
1326.1
1491.42
1417.84
1285.5
1652.9
1692.15
1706.16
1416.1
1667.31
1142.21
1857.46
1708.86
2085.72
1287.81
1229.82
1382.82
1226.97
1752.68
886.89
2159.96
1477.08
1308.25
205
700.94
1339.43
1760.46
205
1539.15
1256.68
1664.11
527.07
1504.87
1874.75
1216.5
1438.83
1982.01
1670.77
1462.7
1525.43
1468.56
1730.74
1181.92
1674.45
1269.16
1734.11
788.7
803.08
1591.72
1523.96
1233.4
431.89
205
766.44
1092.78
1429.68
1093.05
1877.19
1992.97
2021.57
1124.04
1660.26
1185.24
924.7
1365.46
1533.13
1508.85
1378.3
1470.42
1120.72
205
1405.18
1649.31
1284.93
1259.33
1477.42
1799.73
1374.03
1341.3
1510.82
1697.75
1459.24
1128.89
1584.94
1443.8
1857.32
909.04
1749.49
1551.8
2087.23
205
1051.55
1591.66
1346.22
1534.48
1031.22
1414.13
1971.99
1830.25
1728.93
1464.78
573.22
1878.45
1046.36
1339.85
1340.31
1772.49
1367.72
205
1324.31
946.7
772.66
1241.49
1317.04
205
1389.79
1047.06
205
1304.2
1439.13
1849.92
205
1995.21
1466.27
205
1066.06
1604.39
1449.39
1393.61
205
1698.56
699.09
1404.71
654.18
205
205
1519.14
1578.99
1875.95
1302.97
1297.05
687.85
1206.3
1533.08
205
1601.74
1253.86
1558.3
708.14
710.04
1583.83
1049.96
1869.02
1160.69
2032.84
1642.71
1397.38
1745.22
205
877.33
1932.6
1258.0
535.02
205
764.33
205
991.51
1481.49
1171.19
1568.99
1648.11
836.4
966.42
786.01
1229.51
984.89
1482.47
861.29
1962.89
1499.38
205
1767.26
1242.8
653.3
1135.1
1355.94
900.56
1680.51
1637.24
1581.76
1027.07
524.63
1141.74
950.69
1509.23
1232.66
205
2034.99
410.23
546.88
2001.88
1490.08
691.3
893.18
1164.14
1283.52
1227.36
1493.05
1735.29
205
1595.85
805.86
1462.5
1253.28
1475.17
1273.9
1973.8
1647.19
1603.65
1618.8
205
1462.49
626.33
1422.51
1234.0
812.54
1778.58
1856.99
1630.12
1693.3
1388.89
1573.84
1590.92
813.43
1357.19
1306.48
697.14
1892.48
1835.88
1410.5
1181.57
1931.0
2079.08
1866.8
558.98
1024.32
1288.12
1909.36
1440.88
1035.22
1661.13
1080.13
1692.49
1646.69
1753.54
1814.45
1317.09
876.82
2033.31
1851.73
603.35
1340.86
885.03
1490.16
1577.03
1574.5
1393.45
1487.97
1135.26
1622.5
205
1067.54
1388.12
1403.72
971.08
1192.32
1882.06
972.28
610.44
963.24
1235.32
1282.23
1380.8
983.55
2040.84
1321.95
205
1588.68
1492.48
1331.5
1350.52
1279.01
1923.65
1606.13
1674.65
1888.83
1596.36
1532.49
1384.91
969.76
1521.79
1460.32
1793.51
1895.0
205
1821.74
1657.94
1590.02
1764.28
1407.34
205
1221.93
1149.99
1483.19
851.32
362.8
1096.09
649.9
970.68
946.26
977.78
807.47
566.1
1488.62
1432.07
457.87
1020.66
1594.59
815.83
1371.24
1522.54
1467.24
1863.98
469.66
1646.77
1421.21
1042.2
1361.79
1476.7
1447.67
1689.82
205
1636.55
785.7
1747.96
1297.59
1692.6
685.21
1406.42
1260.76
1296.11
820.46
1107.4
616.46
205
1733.75
1894.16
751.3
1979.04
205
999.04
1026.79
1110.46
1617.65
205
1748.06
1779.11
980.07
428.03
1255.25
1464.87
1418.66
981.16
1912.07
1906.75
1428.64
1099.28
1574.94
1913.4
880.47
1642.76
1184.04
1549.87
1118.74
1349.1
1282.5
1387.78
1394.72
1721.19
1408.18
1538.9
1472.23
1194.42
1661.65
1883.67
205
1450.3
1121.72
757.78
1215.52
1221.22
1574.06
864.48
836.5
1031.51
1084.14
2143.19
1142.68
1879.86
637.38
1645.84
1465.8
1261.55
1413.23
1835.24
1585.59
1688.21
1316.4
205
1859.14
1713.42
684.38
1953.08
596.76
999.43
1414.23
818.61
1685.77
205
2091.93
1876.31
1736.88
1693.3
1243.51
1699.67
1815.09
1724.01
1851.21
1538.47
952.9
677.98
1595.05
964.7
1461.12
1245.46
1539.83
1759.32
1447.0
1499.37
1521.87
1109.29
1654.79
1954.23
1701.11
610.74
795.64
1018.07
1431.06
2070.78
1697.24
1535.83
1552.83
1332.55
1538.13
1604.79
1787.12
1876.43
1629.73
747.0
1315.92
989.76
1658.09
1275.81
1795.97
765.75
1352.56
799.39
1198.03
1237.54
205
506.57
1396.34
1338.58
1780.27
205
205
205
1624.21
205
914.56
1428.48
1809.64
1082.38
1301.37
1924.72
1892.65
1665.52
1828.85
1732.59
1334.33
1518.33
1416.81
1293.29
855.77
889.73
1082.54
1587.55
567.54
1732.89
1583.78
1688.53
1612.17
1445.44
825.62
1482.54
1781.21
1361.95
1212.35
1817.26
1155.07
1202.99
1386.34
1710.12
1022.15
205
2062.23
1617.87
2068.98
205
1769.97
2088.4
1712.07
1747.51
1246.77
1467.53
1746.54
1410.48
1672.7
205
1576.87
1327.81
1589.13
1862.31
1476.64
797.07
724.78
1950.69
1606.98
1175.54
205
901.78
1379.61
1048.32
696.07
616.97
1592.85
1850.74
1344.27
1631.2
2021.21
1876.46
1672.87
1244.96
1500.62
908.31
1485.26
989.14
2137.12
205
1535.06
1035.93
1228.75
1742.05
205
1354.8
1193.53
1710.97
1466.32
672.34
1243.13
205
1431.0
1359.2
1579.55
752.04
1630.2
1427.01
199.99
775.66
1710.12
1489.26
205
950.54
1952.5
868.74
722.97
1641.19
1495.35
1824.15
1767.6
2120.34
205
1418.52
989.58
2098.98
1736.18
1786.61
1831.18
1768.53
613.39
1280.46
1239.47
1399.49
1743.83
781.51
1209.04
1272.69
1505.31
844.06
1671.82
1812.94
1525.21
747.04
1452.41
1250.21
1534.02
1800.46
1571.02
654.67
298.31
1023.7
1670.92
1476.88
1886.96
1323.95
1488.94
1870.0
1833.53
1542.21
205
1583.54
1659.79
1697.82
1966.66
1573.12
1251.73
1733.81
1444.12
1042.53
1283.7
1032.32
1557.34
1750.99
1940.96
1066.08
1455.2
205
1612.83
1650.67
205
499.55
877.63
1463.41
1720.55
1565.54
752.58
1679.75
1357.85
925.6
1590.68
1224.75
1026.34
205
1175.49
1834.54
1870.09
1088.34
758.42
703.98
205
205
1660.13
939.99
1370.01
1350.35
1389.24
1217.82
1592.15
897.35
1445.4
1757.36
1920.32
605.81
2090.23
1321.2
1792.24
1967.5
1047.44
1045.09
753.38
1412.63
1695.14
821.38
1024.58
1549.91
630.45
1156.71
890.05
1498.42
1716.26
1771.39
1102.55
866.81
1059.61
1145.15
1585.35
205
1578.83
1326.01
1647.23
404.4
1261.91
1895.65
1471.28
1485.94
889.51
1678.6
896.92
1538.15
1250.74
1702.53
1991.56
506.35
205
798.48
983.45
1320.34
1434.2
1418.09
1624.67
1355.13
1427.67
1083.4
205
1198.23
1610.21
843.17
1498.6
1405.24
1665.17
1590.97
700.82
1499.74
1732.26
1536.53
691.9
1694.11
1931.28
1764.89
1252.01
1542.14
1368.02
205
1562.11
1788.63
1782.18
205
1250.29
976.87
1700.32
1408.66
569.72
1262.4
1824.54
2062.22
1368.3
1099.13
833.98
1258.2
1938.33
897.86
1774.01
1302.98
931.29
1394.48
1645.58
1341.32
1358.87
1096.01
205
875.49
1898.49
1759.76
1588.34
1309.99
1976.27
1328.14
1484.49
1524.66
1802.05
205
1553.52
1458.44
1843.76
911.37
1494.94
1097.38
1098.07
1016.58
616.05
1763.1
1193.23
1942.19
1015.51
205
1712.02
1688.87
881.42
1345.56
1760.24
869.59
1910.66
1109.33
895.62
1291.83
957.83
1788.47
1839.22
949.15
1724.09
1724.85
1621.05
787.86
652.34
945.1
1468.98
1318.59
205
1655.24
1750.59
1241.51
1489.49
961.57
828.26
1736.1
512.81
205
1266.11
1808.61
1452.32
1547.34
1813.42
1810.58
1744.1
1987.37
205
1329.69
2003.56
205
1536.85
1708.1
1618.11
1144.65
1718.47
1216.39
1520.21
1349.53
1356.42
1364.85
1133.5
2097.75
1152.37
1268.69
1961.11
775.56
1437.94
205
2029.67
1260.88
1578.74
1382.88
205
1430.87
2006.94
1621.37
1787.19
764.75
1649.1
1528.42
1528.86
1244.55
1978.32
1114.66
1542.98
1423.73
1028.36
323.07
1571.28
513.33
205
1113.37
934.28
1727.82
1679.4
1832.6
1837.27
1584.87
1272.64
1631.96
1006.25
801.81
1365.09
1177.37
1345.62
1274.71
1416.61
1464.17
2031.55
1398.66
763.49
1550.9
1454.73
1449.16
205
701.47
1275.45
802.6
1539.42
1170.26
1519.48
1495.48
1384.32
919.47
1438.17
798.69
1808.18
1558.55
1911.91
1232.78
1266.04
699.98
1725.57
1259.91
1036.51
1494.61
891.19
736.1
731.12
825.02
455.21
2058.29
1714.53
1210.28
1164.22
1156.39
747.76
1462.53
1381.84
1032.59
667.07
1629.77
1669.33
539.33
1414.32
951.64
980.3
1299.94
1764.51
1029.99
205
1271.38
2058.8
1746.46
1463.5
1815.43
1451.6
1668.9
1837.54
205
712.58
1060.64
1868.09
1308.95
1593.12
1115.22
1428.52
1651.66
1693.87
205
1771.28
1659.98
1338.26
1694.69
1443.27
693.7
1459.25
1117.35
1269.03
1757.58
1901.73
1530.95
693.88
1656.6
861.57
905.28
205
1598.52
1681.41
1544.38
1166.84
1280.96
1862.16
1961.7
1561.13
1097.56
1521.73
825.47
2177.03
1539.61
1142.3
1881.74
1348.78
1516.69
1639.98
1408.1
808.17
595.98
1578.19
1895.12
1682.81
1266.41
1482.07
1271.43
1107.06
1973.04
1484.86
1907.45
1536.29
717.74
1628.28
1444.52
1378.15
847.73
1405.81
1027.89
880.13
1499.8
1371.1
1659.77
1353.58
1824.89
1047.6
792.05
1071.67
1870.31
1923.88
1695.89
205
816.55
205
645.92
1745.74
1069.62
1762.0
1035.99
1649.25
205
1236.44
1166.34
205
374.88
1615.41
1918.16
839.23
1227.79
1837.38
2124.79
1176.96
1862.69
1348.24
1523.06
1579.78
1566.53
1900.49
1014.77
686.38
1673.01
1644.65
1488.19
1566.13
1927.26
1488.65
1188.47
1577.22
1596.87
1070.6
1277.69
1210.88
1728.85
1493.43
1972.43
1532.55
1722.69
1547.08
2034.49
1328.55
2062.66
904.23
1579.93
1629.63
1762.48
1893.22
713.31
999.88
1364.0
2077.51
1826.46
927.55
1762.92
1558.98
1502.68
1621.84
763.1
760.26
1517.98
205
2044.5
1777.49
2060.79
1907.59
1263.57
1779.3
1694.91
1826.31
205
1975.03
1172.25
205
1810.07
1132.15
1310.95
1891.53
1985.65
1174.29
1712.52
1364.49
1166.16
1860.56
807.37
1152.3
1191.78
1209.8
695.07
791.73
898.22
1417.38
733.83
1674.55
947.67
1764.7
1846.05
1663.73
1629.58
1761.67
1678.09
1417.68
1501.17
1698.81
205
205
1118.22
1598.04
1634.91
1866.64
2049.74
813.21
727.9
1757.26
1100.41
2136.8
794.6
1930.05
814.0
1810.34
1276.76
738.3
1358.6
1254.56
2032.16
1248.79
1876.1
1669.63
1433.31
1205.52
1817.15
1858.45
1783.83
1419.5
1208.21
1805.55
1156.75
718.42
1576.6
1316.85
1244.58
861.15
1141.1
1075.18
1556.8
1343.78
1678.57
1254.63
1441.53
1686.05
549.2
1247.83
1277.34
2062.62
1859.23
205
205
1288.3
1906.32
1103.65
1784.22
738.77
1123.42
1496.55
883.46
1908.77
205
205
1439.38
1657.78
1559.69
815.44
205
1811.19
1458.38
1935.68
1523.88
1840.73
1930.7
676.68
1557.34
1711.94
1175.72
1656.52
205
2078.16
1293.77
1748.89
514.57
841.19
1981.37
1675.4
1149.51
575.87
1599.12
1811.56
1582.38
1344.45
1301.04
1859.5
1264.74
1440.58
1809.45
1370.32
851.25
1342.62
794.85
1320.18
1714.81
1472.4
1502.44
1798.03
2029.43
1340.58
1682.62
945.67
1113.77
1584.38
665.89
1596.0
1141.95
1921.43
1117.83
1602.42
1868.53
1546.55
1374.63
1445.14
2009.6
684.11
205
631.11
1557.27
755.3
2116.95
1653.46
1853.28
1690.66
931.14
1087.27
477.78
1045.22
1850.8
1688.61
1895.34
205
1000.2
205
1339.74
1667.01
941.53
976.91
1510.76
1453.83
1620.32
1059.64
1486.03
440.46
205
1566.96
1158.62
1482.67
1448.96
1775.3
1413.8
2026.28
1983.77
1284.02
1691.85
1855.62
1680.78
1096.23
1404.55
1989.84
349.55
1860.97
1548.31
1084.21
1653.0
987.42
1839.16
205
1392.89
1769.23
1225.17
798.82
1905.31
1462.5
1549.72
972.25
893.9
1491.45
561.59
1313.23
1728.57
1086.04
1288.27
1628.48
1311.87
1020.55
2060.88
1226.69
1210.31
1566.97
1721.4
982.67
205
1897.8
1569.56
1235.21
1636.17
1522.31
1579.0
1077.46
1492.56
205
751.74
1036.3
1445.0
205
1556.14
205
1807.0
205
1807.91
1622.96
1563.25
1721.95
1701.65
651.38
583.78
1412.81
1719.45
1240.33
1877.71
1518.48
1476.77
1294.77
1400.64
1168.79
1414.15
205
1831.63
1113.41
1050.33
845.42
691.67
1982.73
1081.75
1449.15
1744.92
2083.14
1118.43
1585.1
1502.26
973.75
1646.22
1682.6
1478.0
1509.05
1536.09
1694.91
1608.59
1652.66
1082.94
829.3
2060.92
1409.44
205
953.74
1824.73
1421.42
1565.88
1783.02
1613.66
1766.89
205
1523.66
205
1996.29
205
2080.6
1343.75
1510.98
1832.08
1469.89
1423.92
1547.42
1412.48
205
961.17
1117.88
1725.32
1505.39
1752.66
1821.48
1314.81
1095.35
205
891.39
1906.37
1792.35
1226.25
1898.58
205
1440.9
2026.63
1566.24
1522.93
1892.39
1795.08
205
205
1351.73
1812.21
1935.36
1616.96
1845.7
1770.44
1678.35
1065.03
839.83
1275.92
1938.28
1347.25
1733.27
205
1395.48
1451.51
573.1
2093.96
1608.93
1814.28
1752.47
205
646.1
1550.9
2119.26
1476.79
1356.84
1163.29
1696.68
1981.3
1488.45
205
1740.76
1981.81
205
856.75
205
1068.94
1391.49
978.68
1951.34
1102.98
1098.72
1071.16
1247.91
1378.61
1376.76
1367.54
205
1435.0
1799.23
1611.48
835.78
1799.3
1364.18
1617.45
205
1476.46
1780.89
997.48
1136.69
575.5
1078.63
1614.61
842.7
1761.58
1373.84
1281.94
1906.71
1714.97
1956.27
1876.03
2020.8
1713.29
1724.76
1345.69
1862.79
1855.05
2050.75
1222.68
1968.7
1674.17
1692.25
2149.62
928.29
1187.68
1710.96
1627.74
1241.6
940.26
1259.67
1862.35
1841.41
1719.41
1290.23
1705.05
843.19
1492.98
576.52
205
1511.49
808.48
1474.27
1658.3
1945.53
1877.82
1479.15
791.64
205
1212.88
2111.49
1838.46
1385.3
1488.65
1401.94
809.7
1470.83
1234.2
1623.5
862.06
1745.08
1818.6
1599.38
1702.37
1661.47
923.07
1779.47
1077.53
1891.8
1350.74
1850.71
1156.81
821.37
205
1680.42
1347.75
1763.9
1065.28
1320.89
1839.83
1578.79
1857.2
1571.08
473.51
1387.42
205
205
1825.87
917.5
1672.18
1440.08
205
205
2040.53
2030.89
1438.48
1260.67
507.94
955.98
1275.71
1798.83
1294.76
1598.43
1813.28
1816.36
1434.47
1685.92
633.43
1846.08
2037.14
1744.47
1730.52
1754.39
1629.3
948.53
1117.64
1572.05
205
1455.16
1565.03
1838.24
923.62
1526.59
1620.88
995.22
1863.53
1018.06
886.42
1735.67
205
1821.06
2047.48
1772.25
837.59
1685.21
797.94
1391.9
1422.88
1131.64
1452.98
1402.08
1049.74
1011.71
1448.59
723.96
1615.07
1310.65
1289.45
1543.34
1568.87
713.6
205
1669.45
869.61
710.2
916.87
386.22
1442.2
1683.23
659.06
1525.04
1456.95
1301.48
1946.13
1677.34
1471.59
779.14
1536.3
1848.83
1215.79
1488.05
1492.25
1212.01
1438.18
1468.26
1291.45
1207.1
1530.55
1705.25
1799.23
1111.83
1681.9
872.98
1075.85
1004.43
1941.06
1015.22
1312.72
1003.51
895.74
1601.83
1099.47
966.6
370.58
1578.02
860.31
641.86
1832.4
1012.19
1688.42
1045.13
1533.86
1553.71
205
780.15
1532.22
1741.63
2109.91
205
958.03
1158.44
1451.41
205
1451.45
1587.5
1655.51
1884.69
1155.93
990.81
1875.0
1847.26
2125.73
1943.89
1668.21
1588.52
1673.52
876.43
1489.68
624.52
1889.47
205
205
545.12
1297.93
1268.85
2228.16
1058.41
1396.99
1142.75
615.58
205
1868.29
1374.47
1391.11
2122.82
420.95
1642.43
882.98
2055.17
807.61
1313.42
1135.68
1672.61
1117.03
1371.63
2047.26
1658.77
205
1737.02
1525.43
1397.43
1905.41
1729.32
814.06
1791.19
1387.54
1225.57
912.48
1325.26
1222.4
1658.02
1624.48
1542.99
1452.84
1888.44
1801.38
851.84
1497.57
1629.2
1468.57
415.48
959.88
205
1811.19
1452.01
205
1961.63
989.18
1621.13
1740.37
1791.05
205
1020.88
1627.6
1984.93
205
205
1771.95
1878.02
1783.57
1597.26
1347.89
205
1675.2
1304.6
1000.41
1773.05
1159.54
1918.09
1212.38
1884.67
1841.11
1864.16
2019.6
596.8
1446.37
1317.75
1544.79
1876.56
1387.18
1266.52
1360.75
1570.69
944.86
892.87
1204.2
205
1959.85
976.79
1525.95
1253.53
1511.72
1141.02
1302.45
1331.37
1171.1
1642.64
2016.67
1248.78
706.73
1003.41
1492.98
1946.88
205
2167.59
1276.68
1875.45
1555.28
1640.96
902.1
1784.28
1447.32
1093.2
1146.6
1093.09
1047.92
1576.95
205
1777.26
1535.09
1282.53
1383.81
1654.82
1304.47
1554.84
1896.95
1822.0
1382.59
983.87
1208.21
1651.47
1503.12
1654.98
666.12
1371.73
1653.52
1645.55
2015.67
1997.04
763.38
1443.65
1594.47
1850.41
731.68
1892.06
601.31
1598.91
1689.29
1718.7
1204.9
692.18
1234.19
1447.34
205
1488.41
1279.43
1775.37
1870.26
1078.68
2111.39
1497.62
1805.09
1318.87
440.73
1339.47
1062.43
1811.71
1710.92
670.07
1496.21
205
1573.53
1752.14
1382.16
1757.24
1844.85
1060.42
1558.72
1549.74
1440.75
1756.59
1428.23
1275.81
2088.81
205
1313.71
1134.0
1316.32
1476.16
934.55
1339.55
1828.63
964.19
1427.48
1234.69
1330.65
1492.38
642.93
890.84
1397.19
1537.01
1101.44
1210.28
1909.6
1438.22
1542.33
205
1515.38
874.06
1122.63
1277.04
715.4
527.97
1419.75
711.18
1478.77
1425.79
1503.0
1624.03
1461.33
1748.51
1477.03
1403.07
1252.78
1232.44
205
1609.86
763.26
205
720.9
553.46
1958.12
1710.82
205
1090.69
415.39
781.97
1632.41
1333.73
1059.53
1762.99
1275.36
205
1496.46
1902.9
1562.98
1472.95
1229.76
1198.23
1719.9
1677.25
1432.38
1372.58
1554.56
491.88
1572.26
205
1081.67
2002.93
1695.5
1681.49
1054.77
1739.7
961.76
778.11
1557.43
1091.56
1196.97
698.56
1334.11
1360.08
1060.69
1455.86
1714.6
1555.51
327.37
1215.74
2003.46
1680.84
1011.8
1217.16
1309.24
1502.42
1565.7
1749.94
1191.48
1338.41
725.7
1255.88
1259.08
578.95
1395.85
205
1616.85
892.11
205
1682.81
1478.36
1721.88
1234.92
1655.82
1579.49
667.75
1634.75
1763.9
1706.92
467.76
803.69
1374.74
1882.42
1499.01
709.85
1712.61
1747.03
205
1010.15
684.74
1348.45
1680.87
1493.87
1873.72
1684.44
1683.89
775.04
205
1852.32
1886.91
1459.11
2107.43
872.74
1424.34
1603.94
2071.83
1447.69
205
1560.54
1599.31
961.08
1534.91
1249.86
1799.92
1751.41
1373.76
1349.68
1589.63
1726.59
612.11
749.81
1753.65
1943.36
861.22
1283.59
1465.95
1821.38
1680.49
2011.09
205
987.53
1481.18
1348.2
1570.26
1061.29
1663.44
947.53
1192.78
1419.79
1635.05
1914.03
1318.52
1134.85
1891.18
1689.83
1206.77
1560.01
2013.77
1599.9
1718.25
1517.79
1451.52
1681.12
1456.78
1799.75
1644.62
959.77
1329.99
1302.42
1068.18
1876.05
1546.76
1739.1
1209.48
1456.08
1866.17
766.93
1186.96
827.88
1757.5
1503.81
1918.01
205
849.29
205
1364.51
205
1114.99
1826.89
2212.48
1166.01
1968.52
836.29
1697.61
867.42
1530.08
998.1
1064.27
1466.22
1238.44
1073.5
601.62
1692.0
1457.01
1503.5
1990.41
2053.7
1484.5
1985.41
1483.03
1358.96
1506.13
1369.99
1287.52
1428.33
1711.77
968.38
1126.64
1665.93
702.88
1407.35
1791.14
1489.28
1355.23
1748.4
205
1902.27
1875.46
1155.5
1399.68
205
931.47
1233.75
508.14
2176.35
1737.54
1753.31
1607.64
1636.5
205
1788.67
1258.39
1022.0
1324.07
912.04
651.65
1926.49
1068.97
1044.49
1515.74
205
1737.28
784.37
442.17
1256.71
1597.8
1198.02
1552.39
1572.66
1234.05
2141.1
1316.83
1740.86
1512.86
1591.75
1433.28
969.13
1378.68
1796.23
578.64
857.4
919.39
1496.05
2035.41
1125.26
1694.04
1240.5
1273.12
1882.55
1187.63
1716.18
734.08
1536.15
1528.56
653.84
1922.64
1347.06
1038.19
1878.16
1342.06
752.93
1927.0
1749.9
1529.72
1568.82
205
1055.2
1239.9
1882.73
1550.2
1688.66
1638.74
1370.81
205
972.66
1625.1
1582.47
1255.53
1766.18
1908.75
1985.21
763.66
1832.17
1458.19
837.9
205
1402.7
1353.95
1362.37
1025.92
483.66
1787.78
1388.28
1465.45
1748.76
1307.76
1405.65
1135.84
1664.12
1112.52
1142.38
1248.51
1199.76
205
822.45
923.81
1602.11
1893.27
1808.53
2026.38
205
1844.73
1149.26
1169.14
1392.26
1927.17
1150.67
1746.51
1222.54
1880.41
1481.08
1477.59
1385.68
1746.97
881.15
686.6
1675.46
1589.8
1077.44
1042.04
1267.02
1043.7
1664.95
1539.88
1194.24
1849.25
1520.94
1495.48
205
491.29
1716.13
1520.03
803.45
1773.44
835.52
948.01
784.34
1338.08
205
1896.72
867.94
1505.81
1511.68
791.72
1632.32
205
530.61
1313.45
1890.55
1957.02
1339.68
1680.75
1466.24
627.24
1805.14
1901.31
205
1778.63
1294.69
1928.81
1229.65
1727.51
670.52
1348.92
650.95
1252.64
1793.24
1603.66
1206.24
1803.29
599.22
940.41
1597.15
1151.28
1768.38
1536.35
1397.99
854.73
1292.62
1186.06
732.98
1768.19
977.78
1483.91
1292.13
1591.26
1356.2
1684.88
992.17
649.77
1744.0
1574.82
1635.22
1024.51
830.88
2006.31
933.53
1157.14
1568.73
1419.17
1255.93
205
1991.31
1100.9
1697.61
1353.63
1297.12
919.79
1745.83
1885.44
1714.32
1745.6
1693.66
885.44
1528.67
1861.24
1467.4
1545.58
1918.79
1929.46
1380.29
1463.66
1576.43
1072.97
1939.38
1418.77
205
907.99
1296.07
1735.43
1030.75
205
1681.1
841.0
1719.23
1206.18
1116.9
1660.56
1526.42
1543.86
205
1819.08
1045.99
1075.98
205
1321.15
1705.9
1689.06
1094.2
1172.78
914.93
1953.09
205
1158.23
1172.29
1971.5
1830.57
1084.56
1629.43
205
1797.13
1408.9
1120.37
1172.5
1792.47
1116.54
781.68
1497.6
1367.27
1036.21
1871.64
1088.27
1495.59
904.27
1755.36
1222.0
1976.87
1815.88
1881.82
1728.2
1552.68
1353.58
958.91
1698.11
860.03
205
1029.21
1008.39
1120.49
1668.61
1598.41
1315.61
1054.02
592.1
1287.85
1814.16
2100.46
205
1169.39
1020.97
1665.19
1528.14
1762.18
1583.33
1516.35
205
1374.82
1429.79
1420.75
1629.4
955.63
1600.88
1660.56
921.78
205
1961.61
871.16
1502.73
1963.58
205
1846.57
1376.22
1588.88
2060.36
205
1325.89
205
1524.08
541.26
1049.78
1607.95
1733.06
596.62
1333.42
1559.99
1713.46
1784.77
491.45
1525.92
1015.79
1957.29
1283.18
1841.82
1654.67
1949.11
1447.22
1529.28
205
1741.4
696.42
1499.61
1356.96
1161.85
1215.4
1680.0
205
1344.96
205
1994.97
1984.0
939.13
1213.64
748.61
1808.71
1023.95
1142.06
1256.7
1017.12
1270.33
1400.38
843.72
1360.26
1749.17
1384.26
1538.4
1376.68
2016.96
1629.18
1225.32
1304.72
205
1458.66
663.86
830.69
1187.46
776.94
1598.19
1228.85
1016.13
1584.15
1221.13
1928.83
1324.23
728.13
1365.71
810.76
1006.11
1085.18
1186.77
1868.78
804.21
1337.34
1435.95
1262.3
205
1336.8
205
943.24
1581.81
2085.58
1147.46
1422.37
1212.56
1481.58
1488.25
205
1501.53
637.92
1627.68
1121.39
1717.11
1060.9
597.1
1841.5
1335.16
1824.23
1277.3
1557.29
1834.14
1246.15
1359.56
871.16
1322.92
1408.53
1248.15
1162.62
870.12
205
1176.85
205
1402.15
1317.99
1655.03
1515.8
1230.04
1618.89
962.59
1616.11
1220.24
1642.21
1163.5
205
1461.18
1658.25
1467.21
958.51
1172.96
1665.68
1728.59
1461.21
1298.27
1765.7
1419.78
1731.42
1460.37
1490.32
1736.77
1563.52
1885.05
1136.79
1718.61
1446.39
1043.93
504.16
1083.56
2211.69
1223.23
1471.87
1615.23
1635.81
1231.08
872.14
1613.25
2021.59
352.36
1447.16
1380.56
1430.75
1631.27
1181.1
1184.05
493.7
569.88
1321.18
1555.52
1794.21
1755.52
1624.41
1128.3
1312.38
1296.0
2019.25
897.63
1410.15
725.8
692.94
1063.83
1467.25
1077.23
1515.63
1178.96
1627.46
1707.88
1528.78
205
1386.48
1401.24
205
1744.82
1556.98
1749.99
988.91
1229.89
1899.85
1399.67
1103.64
205
981.95
1499.7
1359.04
1103.9
620.79
205
1642.56
205
1410.1
1044.01
1742.26
1517.47
1465.82
1576.61
205
1290.84
679.26
1180.46
567.52
823.15
1575.76
1888.42
1500.85
1864.54
765.4
1254.28
977.8
973.07
1160.46
1268.21
1633.07
1337.52
1032.68
1562.43
1998.76
1124.95
1265.18
2004.8
1552.74
2069.38
1231.14
1169.12
1512.39
1576.76
1168.46
1292.2
1629.34
205
205
1503.28
1346.78
785.66
1197.93
1277.02
1042.19
1263.91
1245.42
1226.79
1194.26
1941.51
1963.76
1745.41
1981.04
1344.41
1451.44
1231.83
1961.94
1618.98
1728.35
1996.91
1712.18
1786.49
977.54
1328.91
1286.02
1224.39
1972.92
1175.11
1267.0
1508.29
752.76
1692.26
205
997.47
1100.8
1690.82
1408.33
1666.85
1951.8
1653.88
1525.07
1031.17
1510.31
998.95
1571.43
1829.99
1146.5
1228.66
1707.07
1006.0
205
754.7
1859.78
2168.77
1034.43
996.54
667.8
1410.78
387.99
1053.81
981.9
1549.64
1663.93
1659.13
1731.24
1537.48
1849.38
963.42
1052.63
1828.69
1512.13
205
1114.09
1779.53
1245.08
1758.6
1513.06
1033.66
1642.28
1969.27
1684.51
1928.76
1200.9
892.71
1376.18
205
1533.17
1683.01
1025.97
205
1683.14
1239.98
863.08
1411.87
1373.34
1239.97
1346.64
1541.77
1043.34
969.47
1296.61
1667.03
528.29
707.88
505.62
1900.86
1547.9
1402.43
1717.9
1315.63
1627.29
1767.93
1352.19
1376.02
1746.98
1528.96
1297.75
1324.78
595.61
798.83
1762.15
1740.09
1532.54
1479.87
1113.77
1588.15
1499.83
1468.52
2065.39
1514.52
1852.12
1643.71
1893.54
1899.14
1230.4
785.95
631.02
1998.34
854.63
1505.09
1655.18
1559.71
678.75
1626.35
1287.7
1445.19
611.71
1428.61
1899.86
929.66
1743.39
1202.29
1990.7
1563.13
1155.4
1049.21
1403.61
1187.16
1721.01
1586.27
1268.58
1592.07
1317.37
1395.82
205
1453.36
945.62
1657.64
1405.38
1832.53
567.51
782.13
2037.77
643.89
620.13
1284.86
836.89
1905.98
1328.09
1480.53
1555.48
1457.91
1309.66
2015.5
1809.2
1067.08
1485.28
1648.15
1753.37
1205.34
1211.65
1731.29
1342.05
1213.34
1556.99
1989.42
1280.1
1396.53
1894.99
765.16
902.25
1576.57
1414.49
1400.72
1804.97
1680.19
205
907.02
1716.95
205
938.6
1738.92
1568.57
1718.64
1432.31
1407.83
884.54
1533.47
1961.84
1836.7
1810.09
948.5
701.29
1350.14
1388.31
896.01
794.33
1707.15
1179.42
2112.3
1106.56
1885.85
1929.81
1361.52
745.09
1713.67
1552.53
1299.27
954.71
739.14
205
1490.19
1528.62
876.44
1364.97
1431.56
1386.08
1659.52
1579.71
1934.54
1825.21
1553.35
1841.46
1017.37
1113.1
695.29
1957.37
1685.51
1337.49
1732.04
1553.16
1669.91
2103.49
1540.02
1438.42
205
1278.41
1785.89
1704.83
1724.43
1274.88
749.1
1471.7
1136.54
811.62
1370.33
205
1946.15
1054.06
1010.36
1144.61
623.58
1710.36
1457.9
1635.73
1309.29
1275.16
1066.37
1186.82
1066.91
484.66
1665.43
702.78
1586.5
924.53
1594.25
1128.35
1703.2
1869.67
1315.49
1741.62
1686.04
1105.42
1731.05
682.56
1394.46
1913.24
1059.59
1031.29
1371.57
1550.49
339.42
1469.72
1766.66
1257.58
1951.84
1832.12
205
1476.82
472.55
1205.78
205
1624.13
1441.49
1822.73
1655.93
615.21
205
205
1222.16
1190.69
1280.42
990.0
1817.24
746.39
2049.93
1655.18
733.17
816.68
205
1257.63
1652.11
860.68
1837.05
1714.85
1025.16
842.48
721.82
1310.85
1273.14
961.3
1147.38
714.72
1829.75
804.28
999.42
1946.06
1507.57
1902.84
1499.27
1406.82
892.85
1791.94
764.49
1588.63
1027.27
1182.04
1501.97
1284.49
1582.56
1571.66
1492.38
1501.71
1499.62
1967.15
1447.21
737.61
1871.39
1344.6
1432.48
1695.0
1687.87
1922.87
205
1140.26
1299.17
1671.44
1364.16
1597.98
1758.24
793.34
1233.46
1341.12
1616.46
205
873.15
780.45
1353.72
1885.4
659.32
1461.73
1513.29
1364.37
384.77
1931.43
818.91
1515.82
205
205
1008.73
1192.68
1541.9
1696.28
623.57
1766.91
911.01
555.66
1383.73
1197.6
802.81
1640.03
1518.26
1279.9
1747.63
1105.83
1248.4
1626.21
1725.42
975.35
1282.44
988.62
625.39
205
1401.5
205
205
1152.03
1376.34
1156.55
677.34
1330.46
814.0
924.27
1396.24
1701.15
1780.99
761.23
1755.8
1586.53
1708.59
1456.95
1867.53
1365.46
1676.88
2005.22
989.44
1268.86
1161.06
1531.16
205
1297.58
1752.55
1350.88
1720.03
1611.25
1845.71
2051.31
1676.74
1063.59
1530.73
1881.33
1236.58
1494.76
1005.05
1781.56
2062.7
1462.06
1726.15
1402.33
948.33
205
1733.15
1358.26
1421.42
623.82
1399.23
780.35
1375.96
1722.59
1418.73
1411.96
765.94
526.34
1801.58
1592.34
1167.03
1592.72
1333.2
1923.29
1887.0
718.74
205
1710.62
1261.27
1212.38
1693.71
1718.17
987.75
742.84
780.77
1719.97
943.88
2031.05
1752.93
1424.07
1420.81
1928.5
695.21
1340.05
1568.51
1039.64
1268.02
205
1484.51
1558.48
1461.2
421.55
1150.95
1589.52
1235.83
931.98
1905.41
971.78
659.34
1309.82
1319.45
1835.45
205
1118.77
1612.42
1845.77
1408.98
205
205
769.15
1564.84
1288.39
1697.23
442.07
1573.24
1482.19
1712.48
1548.93
2180.26
997.82
643.49
1620.08
1380.44
1842.81
205
1200.92
1605.82
1126.48
868.45
1559.69
1130.76
1287.12
205
715.84
939.18
1759.23
2046.38
1179.25
792.57
1124.62
1106.38
1226.74
1740.22
1149.54
1916.18
1167.05
1867.26
1623.22
1852.35
767.01
1378.38
1837.9
1250.46
1285.92
1499.49
1186.29
1378.58
1225.83
1077.64
1737.09
797.63
1089.53
1008.88
1317.81
1640.83
895.48
1171.78
1808.32
823.2
1745.79
861.28
1110.79
702.16
1725.1
2094.8
1368.2
1666.6
1283.59
972.32
922.34
1658.88
1073.35
1515.92
1216.03
1387.05
1069.81
1540.92
1319.14
1534.35
1226.54
1088.68
1648.74
754.84
1553.06
1924.37
1418.63
1778.62
1574.79
1088.44
1749.17
205
1409.97
977.26
205
698.02
1757.0
1351.58
1476.16
851.63
1711.62
1071.92
144.83
1083.84
940.21
1636.63
1789.57
1836.75
1819.47
1882.24
1210.26
1519.71
1080.71
1124.01
1453.26
722.03
647.12
1988.05
1176.18
829.56
1495.91
1405.29
1437.74
1912.84
1627.13
1065.57
1767.05
1646.59
1700.81
1615.48
205
1498.18
205
1181.91
205
1652.76
1418.01
1366.08
1545.4
1059.05
1331.88
1363.5
205
1436.82
1662.23
1348.71
2004.66
1392.15
1359.43
1839.01
801.53
851.15
1019.71
1437.68
1401.28
1018.87
205
2044.07
1353.57
1705.43
1267.52
913.89
1686.6
590.5
1362.99
1273.84
1145.88
1225.45
1263.74
1092.9
205
865.89
1892.94
1540.13
1003.24
1884.18
1560.81
1327.82
585.33
1531.56
1282.47
613.4
1144.16
1718.7
205
1492.75
1071.45
1527.97
1270.26
1668.9
1257.41
1269.87
1824.35
481.18
1488.17
856.37
1288.08
1588.96
938.45
1855.56
1569.0
1816.19
1693.26
205
1892.29
1110.49
1384.87
1116.53
1221.86
205
1748.15
475.0
205
1109.44
946.36
1575.79
732.54
1025.46
2007.7
1224.33
1137.57
205
205
1167.52
1169.57
1122.57
789.35
1791.63
1202.35
2118.0
1389.88
1742.97
768.67
1543.84
1521.94
1545.37
1374.24
1716.33
205
1434.96
1552.62
205
2054.05
1865.77
1554.93
928.91
1599.0
568.31
1433.23
697.22
1400.04
1585.4
1140.07
1534.38
1431.41
1921.89
1860.63
205
1304.25
1431.57
1342.83
1133.79
1345.39
1507.98
205
1016.68
2048.21
1669.89
1558.56
1786.07
1635.6
1289.73
1372.48
1513.52
1281.04
1331.41
205
1858.23
1967.0
1400.86
1244.19
1896.27
608.07
499.65
809.5
1693.63
1227.08
